c = int_ratio(0,1,@fun,0.5,0.000001)
Area under f(x) for 0 <= x <= 1: 
	0.200000

c      		N      		N/A
---------------------------------
Step size 0.08219
0.000000	0.000000	0.000000
0.082188	0.000001	0.000004
0.164375	0.000024	0.000120
0.246563	0.000182	0.000911
0.328750	0.000768	0.003840
0.410938	0.002344	0.011719
0.493126	0.005832	0.029160
0.575313	0.012605	0.063026
0.657501	0.024576	0.122880
0.739688	0.044287	0.221434
0.821876	0.075000	0.375000
0.904064	0.120788	0.603941

Step size 0.04109
0.821876	0.075000	0.375000
0.862970	0.095721	0.478606
0.904064	0.120788	0.603941

Step size 0.02055
0.862970	0.095721	0.478606
0.883517	0.107672	0.538361

Step size 0.01027
0.862970	0.095721	0.478606
0.873243	0.101556	0.507780

Step size 0.00514
0.862970	0.095721	0.478606
0.868106	0.098604	0.493020
0.873243	0.101556	0.507780

Step size 0.00257
0.868106	0.098604	0.493020
0.870675	0.100071	0.500357

Step size 0.00128
0.868106	0.098604	0.493020
0.869391	0.099336	0.496678
0.870675	0.100071	0.500357

Step size 0.00064
0.869391	0.099336	0.496678
0.870033	0.099703	0.498515
0.870675	0.100071	0.500357

Step size 0.00032
0.870033	0.099703	0.498515
0.870354	0.099887	0.499435
0.870675	0.100071	0.500357

Step size 0.00016
0.870354	0.099887	0.499435
0.870514	0.099979	0.499896
0.870675	0.100071	0.500357

Step size 0.00008
0.870514	0.099979	0.499896
0.870595	0.100025	0.500126

Step size 0.00004
0.870514	0.099979	0.499896
0.870554	0.100002	0.500011

Step size 0.00002
0.870514	0.099979	0.499896
0.870534	0.099991	0.499953
0.870554	0.100002	0.500011

Step size 0.00001
0.870534	0.099991	0.499953
0.870544	0.099996	0.499982
0.870554	0.100002	0.500011

Step size 0.00001
0.870544	0.099996	0.499982
0.870549	0.099999	0.499997
0.870554	0.100002	0.500011

Step size 0.00000
0.870549	0.099999	0.499997
0.870552	0.100001	0.500004

Step size 0.00000
0.870549	0.099999	0.499997
0.870551	0.100000	0.500000

Acceptable value of c has been found.
	c = 0.870551
